02062026PropPhi06n05_xr_cas
RZ
101
0.08049994735	-0.03483860240
0.08049994735	-0.03407110954
0.08049994735	-0.03330361668
0.08049994735	-0.03253612382
0.08049994735	-0.03176863096
0.08049994735	-0.03100113809
0.08049994735	-0.03023364523
0.08049994735	-0.02946615237
0.08049994735	-0.02869865951
0.08049994735	-0.02793116664
0.08049994735	-0.02716367378
0.08049994735	-0.02639618092
0.08049994735	-0.02562868806
0.08049994735	-0.02486119520
0.08049994735	-0.02409370233
0.08049994735	-0.02332620947
0.08049994735	-0.02255871661
0.08049994735	-0.02179122375
0.08049994735	-0.02102373088
0.08049994735	-0.02025623802
0.08049994735	-0.01948874516
0.08049994735	-0.01872125230
0.08049994735	-0.01795375943
0.08049994735	-0.01718626657
0.08049994735	-0.01641877371
0.08049994735	-0.01565128085
0.08049994735	-0.01488378799
0.08049994735	-0.01411629512
0.08049994735	-0.01334880226
0.08049994735	-0.01258130940
0.08049994735	-0.01181381654
0.08049994735	-0.01104632367
0.08049994735	-0.01027883081
0.08049994735	-0.00951133795
0.08049994735	-0.00874384509
0.08049994735	-0.00797635223
0.08049994735	-0.00720885936
0.08049994735	-0.00644136650
0.08049994735	-0.00567387364
0.08049994735	-0.00490638078
0.08049994735	-0.00413888791
0.08049994735	-0.00337139505
0.08049994735	-0.00260390219
0.08049994735	-0.00183640933
0.08049994735	-0.00106891646
0.08049994735	-0.00030142360
0.08049994735	0.00046606926
0.08049994735	0.00123356212
0.08049994735	0.00200105498
0.08049994735	0.00276854785
0.08049994735	0.00353604071
0.08049994735	0.00430353357
0.08049994735	0.00507102643
0.08049994735	0.00583851930
0.08049994735	0.00660601216
0.08049994735	0.00737350502
0.08049994735	0.00814099788
0.08049994735	0.00890849074
0.08049994735	0.00967598361
0.08049994735	0.01044347647
0.08049994735	0.01121096933
0.08049994735	0.01197846219
0.08049994735	0.01274595506
0.08049994735	0.01351344792
0.08049994735	0.01428094078
0.08049994735	0.01504843364
0.08049994735	0.01581592651
0.08049994735	0.01658341937
0.08049994735	0.01735091223
0.08049994735	0.01811840509
0.08049994735	0.01888589795
0.08049994735	0.01965339082
0.08049994735	0.02042088368
0.08049994735	0.02118837654
0.08049994735	0.02195586940
0.08049994735	0.02272336227
0.08049994735	0.02349085513
0.08049994735	0.02425834799
0.08049994735	0.02502584085
0.08049994735	0.02579333372
0.08049994735	0.02656082658
0.08049994735	0.02732831944
0.08049994735	0.02809581230
0.08049994735	0.02886330516
0.08049994735	0.02963079803
0.08049994735	0.03039829089
0.08049994735	0.03116578375
0.08049994735	0.03193327661
0.08049994735	0.03270076948
0.08049994735	0.03346826234
0.08049994735	0.03423575520
0.08049994735	0.03500324806
0.08049994735	0.03577074092
0.08049994735	0.03653823379
0.08049994735	0.03730572665
0.08049994735	0.03807321951
0.08049994735	0.03884071237
0.08049994735	0.03960820524
0.08049994735	0.04037569810
0.08049994735	0.04114319096
0.08049994735	0.04191068382
