11052026PropPhi06_xr_row_1_1
RZ
200
0.03500000000	-0.03732920523
0.03522864295	-0.03718732872
0.03545728590	-0.03704626614
0.03568592885	-0.03690602879
0.03591457181	-0.03676662798
0.03614321476	-0.03662807502
0.03637185771	-0.03649038122
0.03660050066	-0.03635355790
0.03682914361	-0.03621761636
0.03705778656	-0.03608256790
0.03728642951	-0.03594842385
0.03751507247	-0.03581519552
0.03774371542	-0.03568289420
0.03797235837	-0.03555153121
0.03820100132	-0.03542111787
0.03842964427	-0.03529166547
0.03865828722	-0.03516318534
0.03888693018	-0.03503568878
0.03911557313	-0.03490918709
0.03934421608	-0.03478369160
0.03957285903	-0.03465921361
0.03980150198	-0.03453576443
0.04003014493	-0.03441335537
0.04025878788	-0.03429199774
0.04048743084	-0.03417170285
0.04071607379	-0.03405248202
0.04094471674	-0.03393434654
0.04117335969	-0.03381730773
0.04140200264	-0.03370137181
0.04163064559	-0.03358623256
0.04185928854	-0.03347172699
0.04208793150	-0.03335788647
0.04231657445	-0.03324474238
0.04254521740	-0.03313232608
0.04277386035	-0.03302066894
0.04300250330	-0.03290980234
0.04323114625	-0.03279975764
0.04345978921	-0.03269056621
0.04368843216	-0.03258225942
0.04391707511	-0.03247486865
0.04414571806	-0.03236842525
0.04437436101	-0.03226296061
0.04460300396	-0.03215850608
0.04483164691	-0.03205509305
0.04506028987	-0.03195275287
0.04528893282	-0.03185151693
0.04551757577	-0.03175141658
0.04574621872	-0.03165248321
0.04597486167	-0.03155474817
0.04620350462	-0.03145824283
0.04643214757	-0.03136299858
0.04666079053	-0.03126904677
0.04688943348	-0.03117640003
0.04711807643	-0.03108469923
0.04734671938	-0.03099380224
0.04757536233	-0.03090371664
0.04780400528	-0.03081445003
0.04803264823	-0.03072601001
0.04826129119	-0.03063840418
0.04848993414	-0.03055164012
0.04871857709	-0.03046572545
0.04894722004	-0.03038066775
0.04917586299	-0.03029647462
0.04940450594	-0.03021315365
0.04963314890	-0.03013071246
0.04986179185	-0.03004915862
0.05009043480	-0.02996849975
0.05031907775	-0.02988874343
0.05054772070	-0.02980989726
0.05077636365	-0.02973196884
0.05100500660	-0.02965496576
0.05123364956	-0.02957889563
0.05146229251	-0.02950376603
0.05169093546	-0.02942958457
0.05191957841	-0.02935635884
0.05214822136	-0.02928409644
0.05237686431	-0.02921278591
0.05260550726	-0.02914223782
0.05283415022	-0.02907240042
0.05306279317	-0.02900327212
0.05329143612	-0.02893485132
0.05352007907	-0.02886713642
0.05374872202	-0.02880012583
0.05397736497	-0.02873381794
0.05420600793	-0.02866821115
0.05443465088	-0.02860330387
0.05466329383	-0.02853909450
0.05489193678	-0.02847558143
0.05512057973	-0.02841276307
0.05534922268	-0.02835063782
0.05557786563	-0.02828920408
0.05580650859	-0.02822846025
0.05603515154	-0.02816840473
0.05626379449	-0.02810903592
0.05649243744	-0.02805035222
0.05672108039	-0.02799235204
0.05694972334	-0.02793503378
0.05717836629	-0.02787839582
0.05740700925	-0.02782243659
0.05763565220	-0.02776715447
0.05786429515	-0.02771253289
0.05809293810	-0.02765847975
0.05832158105	-0.02760497679
0.05855022400	-0.02755202065
0.05877886695	-0.02749960801
0.05900750991	-0.02744773549
0.05923615286	-0.02739639977
0.05946479581	-0.02734559748
0.05969343876	-0.02729532529
0.05992208171	-0.02724557983
0.06015072466	-0.02719635777
0.06037936762	-0.02714765576
0.06060801057	-0.02709947045
0.06083665352	-0.02705179848
0.06106529647	-0.02700463652
0.06129393942	-0.02695798120
0.06152258237	-0.02691182920
0.06175122532	-0.02686617715
0.06197986828	-0.02682102170
0.06220851123	-0.02677635952
0.06243715418	-0.02673218725
0.06266579713	-0.02668850155
0.06289444008	-0.02664529905
0.06312308303	-0.02660257643
0.06335172598	-0.02656032793
0.06358036894	-0.02651853849
0.06380901189	-0.02647719820
0.06403765484	-0.02643629790
0.06426629779	-0.02639582843
0.06449494074	-0.02635578064
0.06472358369	-0.02631614537
0.06495222665	-0.02627691346
0.06518086960	-0.02623807576
0.06540951255	-0.02619962311
0.06563815550	-0.02616154635
0.06586679845	-0.02612383633
0.06609544140	-0.02608648389
0.06632408435	-0.02604947987
0.06655272731	-0.02601281512
0.06678137026	-0.02597648048
0.06701001321	-0.02594046679
0.06723865616	-0.02590476490
0.06746729911	-0.02586936565
0.06769594206	-0.02583425987
0.06792458501	-0.02579943843
0.06815322797	-0.02576489215
0.06838187092	-0.02573061189
0.06861051387	-0.02569658848
0.06883915682	-0.02566315888
0.06906779977	-0.02563111222
0.06929644272	-0.02560033123
0.06952508568	-0.02557065421
0.06975372863	-0.02554191944
0.06998237158	-0.02551396523
0.07021101453	-0.02548662985
0.07043965748	-0.02545975160
0.07066830043	-0.02543316878
0.07089694338	-0.02540671966
0.07112558634	-0.02538024256
0.07135422929	-0.02535357575
0.07158287224	-0.02532655753
0.07181151519	-0.02529902620
0.07204015814	-0.02527082003
0.07226880109	-0.02524177733
0.07249744404	-0.02521173638
0.07272608700	-0.02518053548
0.07295472995	-0.02514801292
0.07318337290	-0.02511400699
0.07341201585	-0.02507835597
0.07364065880	-0.02504089818
0.07386930175	-0.02500147188
0.07409794470	-0.02495991538
0.07432658766	-0.02491581205
0.07455523061	-0.02486871519
0.07478387356	-0.02481870296
0.07501251651	-0.02476586112
0.07524115946	-0.02471027540
0.07546980241	-0.02465203154
0.07569844537	-0.02459121529
0.07592708832	-0.02452791238
0.07615573127	-0.02446220856
0.07638437422	-0.02439418956
0.07661301717	-0.02432394113
0.07684166012	-0.02425154901
0.07707030307	-0.02417709893
0.07729894603	-0.02410067664
0.07752758898	-0.02402236787
0.07775623193	-0.02394225838
0.07798487488	-0.02386043389
0.07821351783	-0.02377698015
0.07844216078	-0.02369198291
0.07867080373	-0.02360552789
0.07889944669	-0.02351770084
0.07912808964	-0.02342858751
0.07935673259	-0.02333827363
0.07958537554	-0.02324684493
0.07981401849	-0.02315438718
0.08004266144	-0.02306098609
0.08027130440	-0.02296672742
0.08049994735	-0.02287169690
