B_18_02062026PropPhi06HYBRID_xr_row_1_1
RZ
200
0.03500000000	-0.03497675129
0.03522864295	-0.03485421116
0.03545728590	-0.03473242937
0.03568592885	-0.03461141796
0.03591457181	-0.03449118900
0.03614321476	-0.03437175453
0.03637185771	-0.03425312662
0.03660050066	-0.03413531733
0.03682914361	-0.03401833872
0.03705778656	-0.03390220283
0.03728642951	-0.03378692174
0.03751507247	-0.03367250750
0.03774371542	-0.03355897216
0.03797235837	-0.03344632778
0.03820100132	-0.03333458643
0.03842964427	-0.03322376015
0.03865828722	-0.03311386102
0.03888693018	-0.03300490107
0.03911557313	-0.03289689238
0.03934421608	-0.03278984701
0.03957285903	-0.03268377699
0.03980150198	-0.03257869441
0.04003014493	-0.03247461131
0.04025878788	-0.03237153975
0.04048743084	-0.03226949180
0.04071607379	-0.03216847950
0.04094471674	-0.03206851491
0.04117335969	-0.03196961010
0.04140200264	-0.03187177417
0.04163064559	-0.03177482970
0.04185928854	-0.03167866805
0.04208793150	-0.03158329091
0.04231657445	-0.03148869994
0.04254521740	-0.03139489683
0.04277386035	-0.03130188325
0.04300250330	-0.03120966089
0.04323114625	-0.03111823140
0.04345978921	-0.03102759648
0.04368843216	-0.03093775779
0.04391707511	-0.03084871702
0.04414571806	-0.03076047584
0.04437436101	-0.03067303593
0.04460300396	-0.03058639897
0.04483164691	-0.03050056662
0.04506028987	-0.03041554057
0.04528893282	-0.03033132250
0.04551757577	-0.03024791407
0.04574621872	-0.03016531697
0.04597486167	-0.03008353288
0.04620350462	-0.03000256346
0.04643214757	-0.02992241041
0.04666079053	-0.02984307538
0.04688943348	-0.02976455531
0.04711807643	-0.02968675294
0.04734671938	-0.02960962617
0.04757536233	-0.02953317088
0.04780400528	-0.02945738296
0.04803264823	-0.02938225829
0.04826129119	-0.02930779277
0.04848993414	-0.02923398227
0.04871857709	-0.02916082268
0.04894722004	-0.02908830988
0.04917586299	-0.02901643977
0.04940450594	-0.02894520822
0.04963314890	-0.02887461112
0.04986179185	-0.02880464437
0.05009043480	-0.02873530383
0.05031907775	-0.02866658540
0.05054772070	-0.02859848497
0.05077636365	-0.02853099841
0.05100500660	-0.02846412162
0.05123364956	-0.02839785047
0.05146229251	-0.02833218086
0.05169093546	-0.02826710867
0.05191957841	-0.02820262979
0.05214822136	-0.02813874010
0.05237686431	-0.02807543254
0.05260550726	-0.02801267273
0.05283415022	-0.02795044755
0.05306279317	-0.02788875163
0.05329143612	-0.02782757959
0.05352007907	-0.02776692607
0.05374872202	-0.02770678568
0.05397736497	-0.02764715305
0.05420600793	-0.02758802281
0.05443465088	-0.02752938958
0.05466329383	-0.02747124799
0.05489193678	-0.02741359267
0.05512057973	-0.02735641823
0.05534922268	-0.02729971931
0.05557786563	-0.02724349053
0.05580650859	-0.02718772651
0.05603515154	-0.02713242188
0.05626379449	-0.02707757127
0.05649243744	-0.02702316931
0.05672108039	-0.02696921061
0.05694972334	-0.02691568980
0.05717836629	-0.02686260151
0.05740700925	-0.02680994037
0.05763565220	-0.02675770100
0.05786429515	-0.02670586434
0.05809293810	-0.02665434851
0.05832158105	-0.02660314868
0.05855022400	-0.02655227431
0.05877886695	-0.02650173487
0.05900750991	-0.02645153983
0.05923615286	-0.02640169866
0.05946479581	-0.02635222082
0.05969343876	-0.02630311577
0.05992208171	-0.02625439300
0.06015072466	-0.02620606195
0.06037936762	-0.02615813211
0.06060801057	-0.02611061294
0.06083665352	-0.02606351390
0.06106529647	-0.02601684446
0.06129393942	-0.02597061409
0.06152258237	-0.02592483226
0.06175122532	-0.02587950843
0.06197986828	-0.02583465207
0.06220851123	-0.02579027265
0.06243715418	-0.02574637963
0.06266579713	-0.02570298249
0.06289444008	-0.02566009068
0.06312308303	-0.02561771368
0.06335172598	-0.02557582847
0.06358036894	-0.02553431603
0.06380901189	-0.02549316423
0.06403765484	-0.02545237296
0.06426629779	-0.02541194205
0.06449494074	-0.02537187137
0.06472358369	-0.02533216079
0.06495222665	-0.02529281016
0.06518086960	-0.02525381935
0.06540951255	-0.02521518821
0.06563815550	-0.02517691660
0.06586679845	-0.02513900438
0.06609544140	-0.02510145142
0.06632408435	-0.02506425757
0.06655272731	-0.02502742270
0.06678137026	-0.02499094666
0.06701001321	-0.02495482931
0.06723865616	-0.02491907051
0.06746729911	-0.02488367013
0.06769594206	-0.02484862803
0.06792458501	-0.02481394406
0.06815322797	-0.02477961808
0.06838187092	-0.02474564996
0.06861051387	-0.02471203955
0.06883915682	-0.02467877265
0.06906779977	-0.02464581230
0.06929644272	-0.02461315407
0.06952508568	-0.02458079527
0.06975372863	-0.02454873320
0.06998237158	-0.02451696517
0.07021101453	-0.02448548848
0.07043965748	-0.02445430043
0.07066830043	-0.02442339831
0.07089694338	-0.02439277944
0.07112558634	-0.02436244112
0.07135422929	-0.02433238063
0.07158287224	-0.02430259530
0.07181151519	-0.02427308242
0.07204015814	-0.02424383929
0.07226880109	-0.02421486321
0.07249744404	-0.02418615149
0.07272608700	-0.02415770142
0.07295472995	-0.02412951031
0.07318337290	-0.02410157547
0.07341201585	-0.02407389418
0.07364065880	-0.02404646377
0.07386930175	-0.02401928151
0.07409794470	-0.02399234473
0.07432658766	-0.02396563140
0.07455523061	-0.02393910980
0.07478387356	-0.02391278255
0.07501251651	-0.02388665281
0.07524115946	-0.02386072373
0.07546980241	-0.02383499848
0.07569844537	-0.02380948021
0.07592708832	-0.02378417207
0.07615573127	-0.02375907723
0.07638437422	-0.02373419884
0.07661301717	-0.02370954006
0.07684166012	-0.02368510405
0.07707030307	-0.02366089396
0.07729894603	-0.02363691295
0.07752758898	-0.02361316417
0.07775623193	-0.02358965079
0.07798487488	-0.02356637595
0.07821351783	-0.02354334283
0.07844216078	-0.02352055457
0.07867080373	-0.02349801433
0.07889944669	-0.02347572527
0.07912808964	-0.02345369054
0.07935673259	-0.02343191331
0.07958537554	-0.02341039673
0.07981401849	-0.02338914395
0.08004266144	-0.02336815814
0.08027130440	-0.02334744245
0.08049994735	-0.02332700003
