Phi075DUCTEDFANFIXRPM_xr_row_1_1
RZ
200
0.03506088849	-0.00603604153
0.03525680921	-0.00603349116
0.03545272993	-0.00603095915
0.03564865065	-0.00602844589
0.03584457136	-0.00602595177
0.03604049208	-0.00602347720
0.03623641280	-0.00602102258
0.03643233352	-0.00601858829
0.03662825424	-0.00601617475
0.03682417496	-0.00601378234
0.03702009568	-0.00601141147
0.03721601640	-0.00600906254
0.03741193711	-0.00600673593
0.03760785783	-0.00600443206
0.03780377855	-0.00600215132
0.03799969927	-0.00599989410
0.03819561999	-0.00599766081
0.03839154071	-0.00599545184
0.03858746143	-0.00599326759
0.03878338215	-0.00599110846
0.03897930286	-0.00598897485
0.03917522358	-0.00598686716
0.03937114430	-0.00598478578
0.03956706502	-0.00598273111
0.03976298574	-0.00598070355
0.03995890646	-0.00597870350
0.04015482718	-0.00597673136
0.04035074789	-0.00597478752
0.04054666861	-0.00597287226
0.04074258933	-0.00597097840
0.04093851005	-0.00596910177
0.04113443077	-0.00596724271
0.04133035149	-0.00596540156
0.04152627221	-0.00596357865
0.04172219293	-0.00596177433
0.04191811364	-0.00595998893
0.04211403436	-0.00595822278
0.04230995508	-0.00595647624
0.04250587580	-0.00595474964
0.04270179652	-0.00595304330
0.04289771724	-0.00595135759
0.04309363796	-0.00594969282
0.04328955868	-0.00594804934
0.04348547939	-0.00594642750
0.04368140011	-0.00594482762
0.04387732083	-0.00594325004
0.04407324155	-0.00594169510
0.04426916227	-0.00594016315
0.04446508299	-0.00593865452
0.04466100371	-0.00593716954
0.04485692442	-0.00593570856
0.04505284514	-0.00593427192
0.04524876586	-0.00593285967
0.04544468658	-0.00593146651
0.04564060730	-0.00593009018
0.04583652802	-0.00592873056
0.04603244874	-0.00592738757
0.04622836946	-0.00592606110
0.04642429017	-0.00592475104
0.04662021089	-0.00592345730
0.04681613161	-0.00592217976
0.04701205233	-0.00592091833
0.04720797305	-0.00591967291
0.04740389377	-0.00591844338
0.04759981449	-0.00591722966
0.04779573521	-0.00591603163
0.04799165592	-0.00591484919
0.04818757664	-0.00591368223
0.04838349736	-0.00591253067
0.04857941808	-0.00591139439
0.04877533880	-0.00591027329
0.04897125952	-0.00590916726
0.04916718024	-0.00590807622
0.04936310095	-0.00590700004
0.04955902167	-0.00590593863
0.04975494239	-0.00590489189
0.04995086311	-0.00590385910
0.05014678383	-0.00590283418
0.05034270455	-0.00590181614
0.05053862527	-0.00590080564
0.05073454599	-0.00589980336
0.05093046670	-0.00589880998
0.05112638742	-0.00589782616
0.05132230814	-0.00589685258
0.05151822886	-0.00589588992
0.05171414958	-0.00589493884
0.05191007030	-0.00589400003
0.05210599102	-0.00589307415
0.05230191174	-0.00589216188
0.05249783245	-0.00589126390
0.05269375317	-0.00589038087
0.05288967389	-0.00588951347
0.05308559461	-0.00588866237
0.05328151533	-0.00588782825
0.05347743605	-0.00588701179
0.05367335677	-0.00588621365
0.05386927748	-0.00588543450
0.05406519820	-0.00588467503
0.05426111892	-0.00588393591
0.05445703964	-0.00588321781
0.05465296036	-0.00588252029
0.05484888108	-0.00588183700
0.05504480180	-0.00588116652
0.05524072252	-0.00588050852
0.05543664323	-0.00587986264
0.05563256395	-0.00587922856
0.05582848467	-0.00587860593
0.05602440539	-0.00587799440
0.05622032611	-0.00587739364
0.05641624683	-0.00587680329
0.05661216755	-0.00587622303
0.05680808826	-0.00587565250
0.05700400898	-0.00587509137
0.05719992970	-0.00587453929
0.05739585042	-0.00587399593
0.05759177114	-0.00587346093
0.05778769186	-0.00587293396
0.05798361258	-0.00587241467
0.05817953330	-0.00587190272
0.05837545401	-0.00587139778
0.05857137473	-0.00587089949
0.05876729545	-0.00587040752
0.05896321617	-0.00586992153
0.05915913689	-0.00586944116
0.05935505761	-0.00586896626
0.05955097833	-0.00586849725
0.05974689905	-0.00586803415
0.05994281976	-0.00586757693
0.06013874048	-0.00586712553
0.06033466120	-0.00586667992
0.06053058192	-0.00586624006
0.06072650264	-0.00586580590
0.06092242336	-0.00586537740
0.06111834408	-0.00586495452
0.06131426479	-0.00586453723
0.06151018551	-0.00586412546
0.06170610623	-0.00586371920
0.06190202695	-0.00586331839
0.06209794767	-0.00586292298
0.06229386839	-0.00586253295
0.06248978911	-0.00586214825
0.06268570983	-0.00586176884
0.06288163054	-0.00586139466
0.06307755126	-0.00586102570
0.06327347198	-0.00586066189
0.06346939270	-0.00586030321
0.06366531342	-0.00585994960
0.06386123414	-0.00585960103
0.06405715486	-0.00585925708
0.06425307558	-0.00585891682
0.06444899629	-0.00585858024
0.06464491701	-0.00585824735
0.06484083773	-0.00585791822
0.06503675845	-0.00585759285
0.06523267917	-0.00585727130
0.06542859989	-0.00585695359
0.06562452061	-0.00585663975
0.06582044132	-0.00585632983
0.06601636204	-0.00585602386
0.06621228276	-0.00585572186
0.06640820348	-0.00585542388
0.06660412420	-0.00585512995
0.06680004492	-0.00585484010
0.06699596564	-0.00585455437
0.06719188636	-0.00585427279
0.06738780707	-0.00585399540
0.06758372779	-0.00585372222
0.06777964851	-0.00585345330
0.06797556923	-0.00585318867
0.06817148995	-0.00585292835
0.06836741067	-0.00585267240
0.06856333139	-0.00585242083
0.06875925211	-0.00585217293
0.06895517282	-0.00585192750
0.06915109354	-0.00585168458
0.06934701426	-0.00585144426
0.06954293498	-0.00585120660
0.06973885570	-0.00585097168
0.06993477642	-0.00585073958
0.07013069714	-0.00585051036
0.07032661785	-0.00585028411
0.07052253857	-0.00585006090
0.07071845929	-0.00584984080
0.07091438001	-0.00584962389
0.07111030073	-0.00584941024
0.07130622145	-0.00584919992
0.07150214217	-0.00584899302
0.07169806289	-0.00584878960
0.07189398360	-0.00584858974
0.07208990432	-0.00584839352
0.07228582504	-0.00584820101
0.07248174576	-0.00584801227
0.07267766648	-0.00584782740
0.07287358720	-0.00584764646
0.07306950792	-0.00584746952
0.07326542864	-0.00584729667
0.07346134935	-0.00584712797
0.07365727007	-0.00584696351
0.07385319079	-0.00584680334
0.07404911151	-0.00584664756
