Phi06DUCTEDFANFIXRPM_xr_cas
RZ
339
0.07404911151	-0.01463734112
0.07404911151	-0.01443379005
0.07404911151	-0.01423023898
0.07404911151	-0.01402668791
0.07404911151	-0.01382313683
0.07404911151	-0.01361958576
0.07404911151	-0.01341603469
0.07404911151	-0.01321248362
0.07404911151	-0.01300893255
0.07404911151	-0.01280538147
0.07404911151	-0.01260183040
0.07404911151	-0.01239827933
0.07404911151	-0.01219472826
0.07404911151	-0.01199117719
0.07404911151	-0.01178762611
0.07404911151	-0.01158407504
0.07404911151	-0.01138052397
0.07404911151	-0.01117697290
0.07404911151	-0.01097342183
0.07404911151	-0.01076987076
0.07404911151	-0.01056631968
0.07404911151	-0.01036276861
0.07404911151	-0.01015921754
0.07404911151	-0.00995566647
0.07404911151	-0.00975211540
0.07404911151	-0.00954856432
0.07404911151	-0.00934501325
0.07404911151	-0.00914146218
0.07404911151	-0.00893791111
0.07404911151	-0.00873436004
0.07404911151	-0.00853080896
0.07404911151	-0.00832725789
0.07404911151	-0.00812370682
0.07404911151	-0.00792015575
0.07404911151	-0.00771660468
0.07404911151	-0.00751305360
0.07404911151	-0.00730950253
0.07404911151	-0.00710595146
0.07404911151	-0.00690240039
0.07404911151	-0.00669884932
0.07404911151	-0.00649529824
0.07404911151	-0.00629174717
0.07404911151	-0.00608819610
0.07404911151	-0.00588464503
0.07404911151	-0.00568109396
0.07404911151	-0.00547754289
0.07404911151	-0.00527399181
0.07404911151	-0.00507044074
0.07404911151	-0.00486688967
0.07404911151	-0.00466333860
0.07404911151	-0.00445978753
0.07404911151	-0.00425623645
0.07404911151	-0.00405268538
0.07404911151	-0.00384913431
0.07404911151	-0.00364558324
0.07404911151	-0.00344203217
0.07404911151	-0.00323905732
0.07404911151	-0.00303608248
0.07404911151	-0.00283310763
0.07404911151	-0.00263013278
0.07404911151	-0.00242715794
0.07404911151	-0.00222418309
0.07404911151	-0.00202120825
0.07404911151	-0.00181823340
0.07404911151	-0.00161525856
0.07404911151	-0.00141228371
0.07404911151	-0.00120930887
0.07404911151	-0.00100633402
0.07404911151	-0.00080335918
0.07404911151	-0.00060038433
0.07404911151	-0.00039740949
0.07404911151	-0.00019443464
0.07404911151	0.00000854020
0.07404911151	0.00021151505
0.07404911151	0.00041448990
0.07404911151	0.00061746474
0.07404911151	0.00082043959
0.07404911151	0.00102341443
0.07404911151	0.00122638928
0.07404911151	0.00142936412
0.07404911151	0.00163233897
0.07404911151	0.00183531381
0.07404911151	0.00203828866
0.07404911151	0.00224126350
0.07404911151	0.00244423835
0.07404911151	0.00264721319
0.07404911151	0.00285018804
0.07404911151	0.00305316288
0.07404911151	0.00325613773
0.07404911151	0.00345911257
0.07404911151	0.00366208742
0.07404911151	0.00386506227
0.07404911151	0.00406803711
0.07404911151	0.00427101196
0.07404911151	0.00447398680
0.07404911151	0.00467696165
0.07404911151	0.00487993649
0.07404911151	0.00508291134
0.07404911151	0.00528588618
0.07404911151	0.00548886103
0.07404911151	0.00569183587
0.07404911151	0.00589481072
0.07404911151	0.00609778556
0.07404911151	0.00630076041
0.07404911151	0.00650373525
0.07404911151	0.00670671010
0.07404911151	0.00690968495
0.07404911151	0.00711265979
0.07404911151	0.00731474727
0.07404911151	0.00751683475
0.07404911151	0.00771892223
0.07404911151	0.00792100971
0.07404911151	0.00812309720
0.07404911151	0.00832518468
0.07404911151	0.00852727216
0.07404911151	0.00872935964
0.07404911151	0.00893144712
0.07404911151	0.00913353460
0.07404911151	0.00933562208
0.07404911151	0.00953770956
0.07404911151	0.00973979704
0.07404911151	0.00994188453
0.07404911151	0.01014397201
0.07404911151	0.01034605949
0.07404911151	0.01054814697
0.07404911151	0.01075023445
0.07404911151	0.01095232193
0.07404911151	0.01115440941
0.07404911151	0.01135649689
0.07404911151	0.01155858437
0.07404911151	0.01176067185
0.07404911151	0.01196275934
0.07404911151	0.01216484682
0.07404911151	0.01236693430
0.07404911151	0.01256902178
0.07404911151	0.01277110926
0.07404911151	0.01297319674
0.07404911151	0.01317528422
0.07404911151	0.01337737170
0.07404911151	0.01357945918
0.07404911151	0.01378154667
0.07404911151	0.01398363415
0.07404911151	0.01418572163
0.07404911151	0.01438780911
0.07404911151	0.01458989659
0.07404911151	0.01479198407
0.07404911151	0.01499407155
0.07404911151	0.01519615903
0.07404911151	0.01539824651
0.07404911151	0.01560033399
0.07404911151	0.01580242148
0.07404911151	0.01600450896
0.07404911151	0.01620659644
0.07404911151	0.01640868392
0.07404911151	0.01661077140
0.07404911151	0.01681285888
0.07404911151	0.01701494636
0.07404911151	0.01721703384
0.07404911151	0.01741912132
0.07404911151	0.01762120881
0.07404911151	0.01782329629
0.07404911151	0.01802538377
0.07404911151	0.01822747125
0.07404911151	0.01842955873
0.07404911151	0.01863164621
0.07404911151	0.01883373369
0.07404911151	0.01903582117
0.07404911151	0.01923790865
0.07404911151	0.01943999614
0.07404911151	0.01964208362
0.07404911151	0.01984417110
0.07404911151	0.02004625858
0.07404911151	0.02024834606
0.07404911151	0.02045043354
0.07404911151	0.02065252102
0.07404911151	0.02085460850
0.07404911151	0.02105669598
0.07404911151	0.02125878346
0.07404911151	0.02146087095
0.07404911151	0.02166295843
0.07404911151	0.02186504591
0.07404911151	0.02206713339
0.07404911151	0.02226922087
0.07404911151	0.02247130835
0.07404911151	0.02267339583
0.07404911151	0.02287548331
0.07404911151	0.02307757079
0.07404911151	0.02327965828
0.07404911151	0.02348174576
0.07404911151	0.02368383324
0.07404911151	0.02388592072
0.07404911151	0.02408800820
0.07404911151	0.02429009568
0.07404911151	0.02449218316
0.07404911151	0.02469427064
0.07404911151	0.02489635812
0.07404911151	0.02509844560
0.07404911151	0.02530053309
0.07404911151	0.02550262057
0.07404911151	0.02570470805
0.07404911151	0.02590679553
0.07404911151	0.02610888301
0.07404911151	0.02631097049
0.07404911151	0.02651305797
0.07404911151	0.02671654357
0.07404911151	0.02692002916
0.07404911151	0.02712351476
0.07404911151	0.02732700035
0.07404911151	0.02753048595
0.07404911151	0.02773397154
0.07404911151	0.02793745714
0.07404911151	0.02814094273
0.07404911151	0.02834442833
0.07404911151	0.02854791392
0.07404911151	0.02875139952
0.07404911151	0.02895488512
0.07404911151	0.02915837071
0.07404911151	0.02936185631
0.07404911151	0.02956534190
0.07404911151	0.02976882750
0.07404911151	0.02997231309
0.07404911151	0.03017579869
0.07404911151	0.03037928428
0.07404911151	0.03058276988
0.07404911151	0.03078625547
0.07404911151	0.03098974107
0.07404911151	0.03119322666
0.07404911151	0.03139671226
0.07404911151	0.03160019785
0.07404911151	0.03180368345
0.07404911151	0.03200716904
0.07404911151	0.03221065464
0.07404911151	0.03241414023
0.07404911151	0.03261762583
0.07404911151	0.03282111142
0.07404911151	0.03302459702
0.07404911151	0.03322808262
0.07404911151	0.03343156821
0.07404911151	0.03363505381
0.07404911151	0.03383853940
0.07404911151	0.03404202500
0.07404911151	0.03424551059
0.07404911151	0.03444899619
0.07404911151	0.03465248178
0.07404911151	0.03485596738
0.07404911151	0.03505945297
0.07404911151	0.03526293857
0.07404911151	0.03546642416
0.07404911151	0.03566990976
0.07404911151	0.03587339535
0.07404911151	0.03607688095
0.07404911151	0.03628036654
0.07404911151	0.03648385214
0.07404911151	0.03668733773
0.07404911151	0.03689082333
0.07404911151	0.03709430892
0.07404911151	0.03729779452
0.07404911151	0.03750128012
0.07404911151	0.03770476571
0.07404911151	0.03790825131
0.07404911151	0.03811173690
0.07404911151	0.03831522250
0.07404911151	0.03851870809
0.07404911151	0.03872219369
0.07404911151	0.03892567928
0.07404911151	0.03912916488
0.07404911151	0.03933265047
0.07404911151	0.03953613607
0.07404911151	0.03973962166
0.07404911151	0.03994310726
0.07404911151	0.04014659285
0.07404911151	0.04035007845
0.07404911151	0.04055356404
0.07404911151	0.04075704964
0.07404911151	0.04096053523
0.07404911151	0.04116402083
0.07404911151	0.04136750642
0.07404911151	0.04157099202
0.07404911151	0.04177447761
0.07404911151	0.04197796321
0.07404911151	0.04218144881
0.07404911151	0.04238493440
0.07404911151	0.04258842000
0.07404911151	0.04279190559
0.07404911151	0.04299539119
0.07404911151	0.04319874065
0.07404911151	0.04340209012
0.07404911151	0.04360543959
0.07404911151	0.04380878906
0.07404911151	0.04401213852
0.07404911151	0.04421548799
0.07404911151	0.04441883746
0.07404911151	0.04462218692
0.07404911151	0.04482553639
0.07404911151	0.04502888586
0.07404911151	0.04523223533
0.07404911151	0.04543558479
0.07404911151	0.04563893426
0.07404911151	0.04584228373
0.07404911151	0.04604563319
0.07404911151	0.04624898266
0.07404911151	0.04645233213
0.07404911151	0.04665568160
0.07404911151	0.04685903106
0.07404911151	0.04706238053
0.07404911151	0.04726573000
0.07404911151	0.04746907946
0.07404911151	0.04767242893
0.07404911151	0.04787577840
0.07404911151	0.04807912787
0.07404911151	0.04828247733
0.07404911151	0.04848582680
0.07404911151	0.04868917627
0.07404911151	0.04889252573
0.07404911151	0.04909587520
0.07404911151	0.04929922467
0.07404911151	0.04950257414
0.07404911151	0.04970592360
0.07404911151	0.04990927307
0.07404911151	0.05011262254
0.07404911151	0.05031597200
0.07404911151	0.05051932147
0.07404911151	0.05072267094
0.07404911151	0.05092602041
0.07404911151	0.05112936987
0.07404911151	0.05133271934
0.07404911151	0.05153606881
0.07404911151	0.05173941827
0.07404911151	0.05194276774
0.07404911151	0.05214611721
0.07404911151	0.05234946668
0.07404911151	0.05255281614
0.07404911151	0.05275616561
0.07404911151	0.05295951508
0.07404911151	0.05316286454
0.07404911151	0.05336621401
0.07404911151	0.05356956348
0.07404911151	0.05377291295
0.07404911151	0.05397626241
