Phi075DUCTEDFANFIXRPM_xr_bc_2
RZ
200
0.03506088849	0.01558314665
0.03525680921	0.01558464930
0.03545272993	0.01558614089
0.03564865065	0.01558762121
0.03584457136	0.01558909003
0.03604049208	0.01559054716
0.03623641280	0.01559199238
0.03643233352	0.01559342547
0.03662825424	0.01559484621
0.03682417496	0.01559625440
0.03702009568	0.01559764982
0.03721601640	0.01559903226
0.03741193711	0.01560040150
0.03760785783	0.01560175733
0.03780377855	0.01560309953
0.03799969927	0.01560442790
0.03819561999	0.01560574221
0.03839154071	0.01560704225
0.03858746143	0.01560832782
0.03878338215	0.01560959869
0.03897930286	0.01561085466
0.03917522358	0.01561209550
0.03937114430	0.01561332101
0.03956706502	0.01561453097
0.03976298574	0.01561572516
0.03995890646	0.01561690338
0.04015482718	0.01561806541
0.04035074789	0.01561921103
0.04054666861	0.01562034010
0.04074258933	0.01562145655
0.04093851005	0.01562256267
0.04113443077	0.01562365824
0.04133035149	0.01562474307
0.04152627221	0.01562581697
0.04172219293	0.01562687973
0.04191811364	0.01562793115
0.04211403436	0.01562897104
0.04230995508	0.01562999920
0.04250587580	0.01563101543
0.04270179652	0.01563201953
0.04289771724	0.01563301130
0.04309363796	0.01563399055
0.04328955868	0.01563495707
0.04348547939	0.01563591067
0.04368140011	0.01563685115
0.04387732083	0.01563777831
0.04407324155	0.01563869195
0.04426916227	0.01563959188
0.04446508299	0.01564047789
0.04466100371	0.01564134978
0.04485692442	0.01564220736
0.04505284514	0.01564305044
0.04524876586	0.01564387894
0.04544468658	0.01564469575
0.04564060730	0.01564550209
0.04583652802	0.01564629807
0.04603244874	0.01564708379
0.04622836946	0.01564785934
0.04642429017	0.01564862482
0.04662021089	0.01564938033
0.04681613161	0.01565012597
0.04701205233	0.01565086183
0.04720797305	0.01565158802
0.04740389377	0.01565230462
0.04759981449	0.01565301174
0.04779573521	0.01565370947
0.04799165592	0.01565439792
0.04818757664	0.01565507717
0.04838349736	0.01565574734
0.04857941808	0.01565640850
0.04877533880	0.01565706077
0.04897125952	0.01565770424
0.04916718024	0.01565833901
0.04936310095	0.01565896517
0.04955902167	0.01565958282
0.04975494239	0.01566019207
0.04995086311	0.01566079331
0.05014678383	0.01566138975
0.05034270455	0.01566198188
0.05053862527	0.01566256932
0.05073454599	0.01566315171
0.05093046670	0.01566372866
0.05112638742	0.01566429980
0.05132230814	0.01566486476
0.05151822886	0.01566542317
0.05171414958	0.01566597465
0.05191007030	0.01566651882
0.05210599102	0.01566705531
0.05230191174	0.01566758375
0.05249783245	0.01566810376
0.05269375317	0.01566861496
0.05288967389	0.01566911699
0.05308559461	0.01566960947
0.05328151533	0.01567009203
0.05347743605	0.01567056428
0.05367335677	0.01567102586
0.05386927748	0.01567147639
0.05406519820	0.01567191550
0.05426111892	0.01567234280
0.05445703964	0.01567275794
0.05465296036	0.01567316105
0.05484888108	0.01567355508
0.05504480180	0.01567394079
0.05524072252	0.01567431848
0.05543664323	0.01567468840
0.05563256395	0.01567505085
0.05582848467	0.01567540609
0.05602440539	0.01567575441
0.05622032611	0.01567609608
0.05641624683	0.01567643138
0.05661216755	0.01567676059
0.05680808826	0.01567708398
0.05700400898	0.01567740183
0.05719992970	0.01567771442
0.05739585042	0.01567802203
0.05759177114	0.01567832493
0.05778769186	0.01567862340
0.05798361258	0.01567891772
0.05817953330	0.01567920816
0.05837545401	0.01567949501
0.05857137473	0.01567977853
0.05876729545	0.01568005901
0.05896321617	0.01568033673
0.05915913689	0.01568061196
0.05935505761	0.01568088466
0.05955097833	0.01568115380
0.05974689905	0.01568141932
0.05994281976	0.01568168129
0.06013874048	0.01568193977
0.06033466120	0.01568219483
0.06053058192	0.01568244651
0.06072650264	0.01568269489
0.06092242336	0.01568294003
0.06111834408	0.01568318199
0.06131426479	0.01568342082
0.06151018551	0.01568365661
0.06170610623	0.01568388939
0.06190202695	0.01568411924
0.06209794767	0.01568434622
0.06229386839	0.01568457039
0.06248978911	0.01568479181
0.06268570983	0.01568501055
0.06288163054	0.01568522666
0.06307755126	0.01568544021
0.06327347198	0.01568565125
0.06346939270	0.01568585986
0.06366531342	0.01568606610
0.06386123414	0.01568627001
0.06405715486	0.01568647174
0.06425307558	0.01568667149
0.06444899629	0.01568686923
0.06464491701	0.01568706496
0.06484083773	0.01568725865
0.06503675845	0.01568745030
0.06523267917	0.01568763988
0.06542859989	0.01568782738
0.06562452061	0.01568801278
0.06582044132	0.01568819607
0.06601636204	0.01568837722
0.06621228276	0.01568855622
0.06640820348	0.01568873306
0.06660412420	0.01568890771
0.06680004492	0.01568908016
0.06699596564	0.01568925040
0.06719188636	0.01568941841
0.06738780707	0.01568958416
0.06758372779	0.01568974765
0.06777964851	0.01568990885
0.06797556923	0.01569006775
0.06817148995	0.01569022434
0.06836741067	0.01569037859
0.06856333139	0.01569053049
0.06875925211	0.01569068037
0.06895517282	0.01569082878
0.06915109354	0.01569097568
0.06934701426	0.01569112105
0.06954293498	0.01569126486
0.06973885570	0.01569140707
0.06993477642	0.01569154765
0.07013069714	0.01569168656
0.07032661785	0.01569182378
0.07052253857	0.01569195926
0.07071845929	0.01569209297
0.07091438001	0.01569222488
0.07111030073	0.01569235497
0.07130622145	0.01569248318
0.07150214217	0.01569260949
0.07169806289	0.01569273387
0.07189398360	0.01569285629
0.07208990432	0.01569297670
0.07228582504	0.01569309507
0.07248174576	0.01569321138
0.07267766648	0.01569332559
0.07287358720	0.01569343766
0.07306950792	0.01569354756
0.07326542864	0.01569365527
0.07346134935	0.01569376073
0.07365727007	0.01569386393
0.07385319079	0.01569396482
0.07404911151	0.01569406338
