Phi06DUCTEDFAN_xr_row_2_1
RZ
200
0.03506088849	0.02562477815
0.03525680921	0.02562404255
0.03545272993	0.02562331151
0.03564865065	0.02562258509
0.03584457136	0.02562186336
0.03604049208	0.02562114640
0.03623641280	0.02562043429
0.03643233352	0.02561972708
0.03662825424	0.02561902486
0.03682417496	0.02561832770
0.03702009568	0.02561763566
0.03721601640	0.02561694883
0.03741193711	0.02561626727
0.03760785783	0.02561559106
0.03780377855	0.02561492027
0.03799969927	0.02561425496
0.03819561999	0.02561359523
0.03839154071	0.02561294112
0.03858746143	0.02561229273
0.03878338215	0.02561165011
0.03897930286	0.02561101335
0.03917522358	0.02561038251
0.03937114430	0.02560975767
0.03956706502	0.02560913890
0.03976298574	0.02560852628
0.03995890646	0.02560791986
0.04015482718	0.02560731974
0.04035074789	0.02560672597
0.04054666861	0.02560613861
0.04074258933	0.02560555650
0.04093851005	0.02560497893
0.04113443077	0.02560440594
0.04133035149	0.02560383756
0.04152627221	0.02560327382
0.04172219293	0.02560271476
0.04191811364	0.02560216040
0.04211403436	0.02560161079
0.04230995508	0.02560106594
0.04250587580	0.02560052591
0.04270179652	0.02559999070
0.04289771724	0.02559946037
0.04309363796	0.02559893494
0.04328955868	0.02559841444
0.04348547939	0.02559789892
0.04368140011	0.02559738838
0.04387732083	0.02559688288
0.04407324155	0.02559638245
0.04426916227	0.02559588711
0.04446508299	0.02559539690
0.04466100371	0.02559491185
0.04485692442	0.02559443199
0.04505284514	0.02559395736
0.04524876586	0.02559348796
0.04544468658	0.02559302328
0.04564060730	0.02559256304
0.04583652802	0.02559210718
0.04603244874	0.02559165563
0.04622836946	0.02559120833
0.04642429017	0.02559076520
0.04662021089	0.02559032620
0.04681613161	0.02558989123
0.04701205233	0.02558946025
0.04720797305	0.02558903318
0.04740389377	0.02558860995
0.04759981449	0.02558819050
0.04779573521	0.02558777477
0.04799165592	0.02558736268
0.04818757664	0.02558695417
0.04838349736	0.02558654917
0.04857941808	0.02558614762
0.04877533880	0.02558574944
0.04897125952	0.02558535458
0.04916718024	0.02558496296
0.04936310095	0.02558457452
0.04955902167	0.02558418919
0.04975494239	0.02558380691
0.04995086311	0.02558342759
0.05014678383	0.02558305112
0.05034270455	0.02558267748
0.05053862527	0.02558230667
0.05073454599	0.02558193869
0.05093046670	0.02558157354
0.05112638742	0.02558121123
0.05132230814	0.02558085177
0.05151822886	0.02558049514
0.05171414958	0.02558014137
0.05191007030	0.02557979044
0.05210599102	0.02557944237
0.05230191174	0.02557909715
0.05249783245	0.02557875480
0.05269375317	0.02557841531
0.05288967389	0.02557807868
0.05308559461	0.02557774492
0.05328151533	0.02557741403
0.05347743605	0.02557708602
0.05367335677	0.02557676089
0.05386927748	0.02557643864
0.05406519820	0.02557611927
0.05426111892	0.02557580279
0.05445703964	0.02557548921
0.05465296036	0.02557517849
0.05484888108	0.02557487049
0.05504480180	0.02557456513
0.05524072252	0.02557426238
0.05543664323	0.02557396218
0.05563256395	0.02557366450
0.05582848467	0.02557336927
0.05602440539	0.02557307647
0.05622032611	0.02557278604
0.05641624683	0.02557249794
0.05661216755	0.02557221212
0.05680808826	0.02557192853
0.05700400898	0.02557164713
0.05719992970	0.02557136788
0.05739585042	0.02557109072
0.05759177114	0.02557081562
0.05778769186	0.02557054252
0.05798361258	0.02557027139
0.05817953330	0.02557000217
0.05837545401	0.02556973482
0.05857137473	0.02556946929
0.05876729545	0.02556920554
0.05896321617	0.02556894352
0.05915913689	0.02556868319
0.05935505761	0.02556842456
0.05955097833	0.02556816786
0.05974689905	0.02556791307
0.05994281976	0.02556766016
0.06013874048	0.02556740909
0.06033466120	0.02556715982
0.06053058192	0.02556691232
0.06072650264	0.02556666654
0.06092242336	0.02556642246
0.06111834408	0.02556618003
0.06131426479	0.02556593922
0.06151018551	0.02556569999
0.06170610623	0.02556546231
0.06190202695	0.02556522613
0.06209794767	0.02556499143
0.06229386839	0.02556475816
0.06248978911	0.02556452628
0.06268570983	0.02556429577
0.06288163054	0.02556406658
0.06307755126	0.02556383867
0.06327347198	0.02556361201
0.06346939270	0.02556338657
0.06366531342	0.02556316230
0.06386123414	0.02556293917
0.06405715486	0.02556271704
0.06425307558	0.02556249567
0.06444899629	0.02556227510
0.06464491701	0.02556205541
0.06484083773	0.02556183664
0.06503675845	0.02556161888
0.06523267917	0.02556140218
0.06542859989	0.02556118661
0.06562452061	0.02556097223
0.06582044132	0.02556075911
0.06601636204	0.02556054731
0.06621228276	0.02556033689
0.06640820348	0.02556012793
0.06660412420	0.02555992047
0.06680004492	0.02555971459
0.06699596564	0.02555951036
0.06719188636	0.02555930783
0.06738780707	0.02555910707
0.06758372779	0.02555890815
0.06777964851	0.02555871112
0.06797556923	0.02555851606
0.06817148995	0.02555832303
0.06836741067	0.02555813209
0.06856333139	0.02555794330
0.06875925211	0.02555775637
0.06895517282	0.02555757072
0.06915109354	0.02555738636
0.06934701426	0.02555720331
0.06954293498	0.02555702159
0.06973885570	0.02555684122
0.06993477642	0.02555666222
0.07013069714	0.02555648461
0.07032661785	0.02555630840
0.07052253857	0.02555613362
0.07071845929	0.02555596029
0.07091438001	0.02555578842
0.07111030073	0.02555561803
0.07130622145	0.02555544915
0.07150214217	0.02555528180
0.07169806289	0.02555511599
0.07189398360	0.02555495174
0.07208990432	0.02555478907
0.07228582504	0.02555462800
0.07248174576	0.02555446855
0.07267766648	0.02555431074
0.07287358720	0.02555415460
0.07306950792	0.02555400013
0.07326542864	0.02555384735
0.07346134935	0.02555369630
0.07365727007	0.02555354698
0.07385319079	0.02555339942
0.07404911151	0.02555325363
