Phi06DUCTEDFANFIXRPM_xr_hub
RZ
338
0.03506088849	-0.01463734112
0.03506088849	-0.01443219577
0.03506088849	-0.01422705042
0.03506088849	-0.01402190506
0.03506088849	-0.01381675971
0.03506088849	-0.01361161436
0.03506088849	-0.01340646900
0.03506088849	-0.01320132365
0.03506088849	-0.01299617830
0.03506088849	-0.01279103294
0.03506088849	-0.01258588759
0.03506088849	-0.01238074224
0.03506088849	-0.01217559688
0.03506088849	-0.01197045153
0.03506088849	-0.01176530618
0.03506088849	-0.01156016082
0.03506088849	-0.01135501547
0.03506088849	-0.01114987012
0.03506088849	-0.01094472476
0.03506088849	-0.01073957941
0.03506088849	-0.01053443406
0.03506088849	-0.01032928871
0.03506088849	-0.01012414335
0.03506088849	-0.00991899800
0.03506088849	-0.00971385265
0.03506088849	-0.00950870729
0.03506088849	-0.00930356194
0.03506088849	-0.00909841659
0.03506088849	-0.00889327123
0.03506088849	-0.00868812588
0.03506088849	-0.00848298053
0.03506088849	-0.00827783517
0.03506088849	-0.00807268982
0.03506088849	-0.00786754447
0.03506088849	-0.00766239911
0.03506088849	-0.00745725376
0.03506088849	-0.00725210841
0.03506088849	-0.00704696305
0.03506088849	-0.00684181770
0.03506088849	-0.00663667235
0.03506088849	-0.00643152700
0.03506088849	-0.00622638164
0.03506088849	-0.00602123629
0.03506088849	-0.00581609094
0.03506088849	-0.00561094558
0.03506088849	-0.00540580023
0.03506088849	-0.00520065488
0.03506088849	-0.00499550952
0.03506088849	-0.00479036417
0.03506088849	-0.00458521882
0.03506088849	-0.00438007346
0.03506088849	-0.00417492811
0.03506088849	-0.00396978276
0.03506088849	-0.00376463740
0.03506088849	-0.00355949205
0.03506088849	-0.00335643694
0.03506088849	-0.00315338183
0.03506088849	-0.00295032672
0.03506088849	-0.00274727161
0.03506088849	-0.00254421650
0.03506088849	-0.00234116138
0.03506088849	-0.00213810627
0.03506088849	-0.00193505116
0.03506088849	-0.00173199605
0.03506088849	-0.00152894094
0.03506088849	-0.00132588583
0.03506088849	-0.00112283072
0.03506088849	-0.00091977561
0.03506088849	-0.00071672050
0.03506088849	-0.00051366539
0.03506088849	-0.00031061027
0.03506088849	-0.00010755516
0.03506088849	0.00009549995
0.03506088849	0.00029855506
0.03506088849	0.00050161017
0.03506088849	0.00070466528
0.03506088849	0.00090772039
0.03506088849	0.00111077550
0.03506088849	0.00131383061
0.03506088849	0.00151688572
0.03506088849	0.00171994084
0.03506088849	0.00192299595
0.03506088849	0.00212605106
0.03506088849	0.00232910617
0.03506088849	0.00253216128
0.03506088849	0.00273521639
0.03506088849	0.00293827150
0.03506088849	0.00314132661
0.03506088849	0.00334438172
0.03506088849	0.00354743683
0.03506088849	0.00375049195
0.03506088849	0.00395354706
0.03506088849	0.00415660217
0.03506088849	0.00435965728
0.03506088849	0.00456271239
0.03506088849	0.00476576750
0.03506088849	0.00496882261
0.03506088849	0.00517187772
0.03506088849	0.00537493283
0.03506088849	0.00557798794
0.03506088849	0.00578104306
0.03506088849	0.00598409817
0.03506088849	0.00618715328
0.03506088849	0.00639020839
0.03506088849	0.00659326350
0.03506088849	0.00679631861
0.03506088849	0.00699937372
0.03506088849	0.00720212162
0.03506088849	0.00740486953
0.03506088849	0.00760761743
0.03506088849	0.00781036533
0.03506088849	0.00801311323
0.03506088849	0.00821586113
0.03506088849	0.00841860903
0.03506088849	0.00862135694
0.03506088849	0.00882410484
0.03506088849	0.00902685274
0.03506088849	0.00922960064
0.03506088849	0.00943234854
0.03506088849	0.00963509645
0.03506088849	0.00983784435
0.03506088849	0.01004059225
0.03506088849	0.01024334015
0.03506088849	0.01044608805
0.03506088849	0.01064883596
0.03506088849	0.01085158386
0.03506088849	0.01105433176
0.03506088849	0.01125707966
0.03506088849	0.01145982756
0.03506088849	0.01166257546
0.03506088849	0.01186532337
0.03506088849	0.01206807127
0.03506088849	0.01227081917
0.03506088849	0.01247356707
0.03506088849	0.01267631497
0.03506088849	0.01287906288
0.03506088849	0.01308181078
0.03506088849	0.01328455868
0.03506088849	0.01348730658
0.03506088849	0.01369005448
0.03506088849	0.01389280239
0.03506088849	0.01409555029
0.03506088849	0.01429829819
0.03506088849	0.01450104609
0.03506088849	0.01470379399
0.03506088849	0.01490654189
0.03506088849	0.01510928980
0.03506088849	0.01531203770
0.03506088849	0.01551478560
0.03506088849	0.01571753350
0.03506088849	0.01592028140
0.03506088849	0.01612302931
0.03506088849	0.01632577721
0.03506088849	0.01652852511
0.03506088849	0.01673127301
0.03506088849	0.01693402091
0.03506088849	0.01713676882
0.03506088849	0.01733951672
0.03506088849	0.01754226462
0.03506088849	0.01774501252
0.03506088849	0.01794776042
0.03506088849	0.01815050832
0.03506088849	0.01835325623
0.03506088849	0.01855600413
0.03506088849	0.01875875203
0.03506088849	0.01896149993
0.03506088849	0.01916424783
0.03506088849	0.01936699574
0.03506088849	0.01956974364
0.03506088849	0.01977249154
0.03506088849	0.01997523944
0.03506088849	0.02017798734
0.03506088849	0.02038073525
0.03506088849	0.02058348315
0.03506088849	0.02078623105
0.03506088849	0.02098897895
0.03506088849	0.02119172685
0.03506088849	0.02139447475
0.03506088849	0.02159722266
0.03506088849	0.02179997056
0.03506088849	0.02200271846
0.03506088849	0.02220546636
0.03506088849	0.02240821426
0.03506088849	0.02261096217
0.03506088849	0.02281371007
0.03506088849	0.02301645797
0.03506088849	0.02321920587
0.03506088849	0.02342195377
0.03506088849	0.02362470168
0.03506088849	0.02382744958
0.03506088849	0.02403019748
0.03506088849	0.02423294538
0.03506088849	0.02443569328
0.03506088849	0.02463844118
0.03506088849	0.02484118909
0.03506088849	0.02504393699
0.03506088849	0.02524668489
0.03506088849	0.02544943279
0.03506088849	0.02565218069
0.03506088849	0.02585492860
0.03506088849	0.02605767650
0.03506088849	0.02626042440
0.03506088849	0.02646317230
0.03506088849	0.02666592020
0.03506088849	0.02686941517
0.03506088849	0.02707291014
0.03506088849	0.02727640510
0.03506088849	0.02747990007
0.03506088849	0.02768339503
0.03506088849	0.02788689000
0.03506088849	0.02809038497
0.03506088849	0.02829387993
0.03506088849	0.02849737490
0.03506088849	0.02870086987
0.03506088849	0.02890436483
0.03506088849	0.02910785980
0.03506088849	0.02931135477
0.03506088849	0.02951484973
0.03506088849	0.02971834470
0.03506088849	0.02992183966
0.03506088849	0.03012533463
0.03506088849	0.03032882960
0.03506088849	0.03053232456
0.03506088849	0.03073581953
0.03506088849	0.03093931450
0.03506088849	0.03114280946
0.03506088849	0.03134630443
0.03506088849	0.03154979940
0.03506088849	0.03175329436
0.03506088849	0.03195678933
0.03506088849	0.03216028429
0.03506088849	0.03236377926
0.03506088849	0.03256727423
0.03506088849	0.03277076919
0.03506088849	0.03297426416
0.03506088849	0.03317775913
0.03506088849	0.03338125409
0.03506088849	0.03358474906
0.03506088849	0.03378824403
0.03506088849	0.03399173899
0.03506088849	0.03419523396
0.03506088849	0.03439872892
0.03506088849	0.03460222389
0.03506088849	0.03480571886
0.03506088849	0.03500921382
0.03506088849	0.03521270879
0.03506088849	0.03541620376
0.03506088849	0.03561969872
0.03506088849	0.03582319369
0.03506088849	0.03602668866
0.03506088849	0.03623018362
0.03506088849	0.03643367859
0.03506088849	0.03663717355
0.03506088849	0.03684066852
0.03506088849	0.03704416349
0.03506088849	0.03724765845
0.03506088849	0.03745115342
0.03506088849	0.03765464839
0.03506088849	0.03785814335
0.03506088849	0.03806163832
0.03506088849	0.03826513329
0.03506088849	0.03846862825
0.03506088849	0.03867212322
0.03506088849	0.03887561818
0.03506088849	0.03907911315
0.03506088849	0.03928260812
0.03506088849	0.03948610308
0.03506088849	0.03968959805
0.03506088849	0.03989309302
0.03506088849	0.04009658798
0.03506088849	0.04030008295
0.03506088849	0.04050357791
0.03506088849	0.04070707288
0.03506088849	0.04091056785
0.03506088849	0.04111406281
0.03506088849	0.04131755778
0.03506088849	0.04152105275
0.03506088849	0.04172454771
0.03506088849	0.04192804268
0.03506088849	0.04213153765
0.03506088849	0.04233503261
0.03506088849	0.04253852758
0.03506088849	0.04274202254
0.03506088849	0.04294551751
0.03506088849	0.04314901248
0.03506088849	0.04335330021
0.03506088849	0.04355758795
0.03506088849	0.04376187568
0.03506088849	0.04396616342
0.03506088849	0.04417045115
0.03506088849	0.04437473889
0.03506088849	0.04457902662
0.03506088849	0.04478331435
0.03506088849	0.04498760209
0.03506088849	0.04519188982
0.03506088849	0.04539617756
0.03506088849	0.04560046529
0.03506088849	0.04580475303
0.03506088849	0.04600904076
0.03506088849	0.04621332850
0.03506088849	0.04641761623
0.03506088849	0.04662190397
0.03506088849	0.04682619170
0.03506088849	0.04703047944
0.03506088849	0.04723476717
0.03506088849	0.04743905490
0.03506088849	0.04764334264
0.03506088849	0.04784763037
0.03506088849	0.04805191811
0.03506088849	0.04825620584
0.03506088849	0.04846049358
0.03506088849	0.04866478131
0.03506088849	0.04886906905
0.03506088849	0.04907335678
0.03506088849	0.04927764452
0.03506088849	0.04948193225
0.03506088849	0.04968621999
0.03506088849	0.04989050772
0.03506088849	0.05009479546
0.03506088849	0.05029908319
0.03506088849	0.05050337092
0.03506088849	0.05070765866
0.03506088849	0.05091194639
0.03506088849	0.05111623413
0.03506088849	0.05132052186
0.03506088849	0.05152480960
0.03506088849	0.05172909733
0.03506088849	0.05193338507
0.03506088849	0.05213767280
0.03506088849	0.05234196054
0.03506088849	0.05254624827
0.03506088849	0.05275053601
0.03506088849	0.05295482374
0.03506088849	0.05315911147
0.03506088849	0.05336339921
0.03506088849	0.05356768694
0.03506088849	0.05377197468
0.03506088849	0.05397626241
