Phi09DUCTEDFAN2_xr_bc_3
RZ
200
0.03506088849	0.03992502119
0.03525680921	0.03992502119
0.03545272993	0.03992502119
0.03564865065	0.03992502119
0.03584457136	0.03992502119
0.03604049208	0.03992502119
0.03623641280	0.03992502119
0.03643233352	0.03992502119
0.03662825424	0.03992502119
0.03682417496	0.03992502119
0.03702009568	0.03992502119
0.03721601640	0.03992502119
0.03741193711	0.03992502119
0.03760785783	0.03992502119
0.03780377855	0.03992502119
0.03799969927	0.03992502119
0.03819561999	0.03992502119
0.03839154071	0.03992502119
0.03858746143	0.03992502119
0.03878338215	0.03992502119
0.03897930286	0.03992502119
0.03917522358	0.03992502119
0.03937114430	0.03992502119
0.03956706502	0.03992502119
0.03976298574	0.03992502119
0.03995890646	0.03992502119
0.04015482718	0.03992502119
0.04035074789	0.03992502119
0.04054666861	0.03992502119
0.04074258933	0.03992502119
0.04093851005	0.03992502119
0.04113443077	0.03992502119
0.04133035149	0.03992502119
0.04152627221	0.03992502119
0.04172219293	0.03992502119
0.04191811364	0.03992502119
0.04211403436	0.03992502119
0.04230995508	0.03992502119
0.04250587580	0.03992502119
0.04270179652	0.03992502119
0.04289771724	0.03992502119
0.04309363796	0.03992502119
0.04328955868	0.03992502119
0.04348547939	0.03992502119
0.04368140011	0.03992502119
0.04387732083	0.03992502119
0.04407324155	0.03992502119
0.04426916227	0.03992502119
0.04446508299	0.03992502119
0.04466100371	0.03992502119
0.04485692442	0.03992502119
0.04505284514	0.03992502119
0.04524876586	0.03992502119
0.04544468658	0.03992502119
0.04564060730	0.03992502119
0.04583652802	0.03992502119
0.04603244874	0.03992502119
0.04622836946	0.03992502119
0.04642429017	0.03992502119
0.04662021089	0.03992502119
0.04681613161	0.03992502119
0.04701205233	0.03992502119
0.04720797305	0.03992502119
0.04740389377	0.03992502119
0.04759981449	0.03992502119
0.04779573521	0.03992502119
0.04799165592	0.03992502119
0.04818757664	0.03992502119
0.04838349736	0.03992502119
0.04857941808	0.03992502119
0.04877533880	0.03992502119
0.04897125952	0.03992502119
0.04916718024	0.03992502119
0.04936310095	0.03992502119
0.04955902167	0.03992502119
0.04975494239	0.03992502119
0.04995086311	0.03992502119
0.05014678383	0.03992502119
0.05034270455	0.03992502119
0.05053862527	0.03992502119
0.05073454599	0.03992502119
0.05093046670	0.03992502119
0.05112638742	0.03992502119
0.05132230814	0.03992502119
0.05151822886	0.03992502119
0.05171414958	0.03992502119
0.05191007030	0.03992502119
0.05210599102	0.03992502119
0.05230191174	0.03992502119
0.05249783245	0.03992502119
0.05269375317	0.03992502119
0.05288967389	0.03992502119
0.05308559461	0.03992502119
0.05328151533	0.03992502119
0.05347743605	0.03992502119
0.05367335677	0.03992502119
0.05386927748	0.03992502119
0.05406519820	0.03992502119
0.05426111892	0.03992502119
0.05445703964	0.03992502119
0.05465296036	0.03992502119
0.05484888108	0.03992502119
0.05504480180	0.03992502119
0.05524072252	0.03992502119
0.05543664323	0.03992502119
0.05563256395	0.03992502119
0.05582848467	0.03992502119
0.05602440539	0.03992502119
0.05622032611	0.03992502119
0.05641624683	0.03992502119
0.05661216755	0.03992502119
0.05680808826	0.03992502119
0.05700400898	0.03992502119
0.05719992970	0.03992502119
0.05739585042	0.03992502119
0.05759177114	0.03992502119
0.05778769186	0.03992502119
0.05798361258	0.03992502119
0.05817953330	0.03992502119
0.05837545401	0.03992502119
0.05857137473	0.03992502119
0.05876729545	0.03992502119
0.05896321617	0.03992502119
0.05915913689	0.03992502119
0.05935505761	0.03992502119
0.05955097833	0.03992502119
0.05974689905	0.03992502119
0.05994281976	0.03992502119
0.06013874048	0.03992502119
0.06033466120	0.03992502119
0.06053058192	0.03992502119
0.06072650264	0.03992502119
0.06092242336	0.03992502119
0.06111834408	0.03992502119
0.06131426479	0.03992502119
0.06151018551	0.03992502119
0.06170610623	0.03992502119
0.06190202695	0.03992502119
0.06209794767	0.03992502119
0.06229386839	0.03992502119
0.06248978911	0.03992502119
0.06268570983	0.03992502119
0.06288163054	0.03992502119
0.06307755126	0.03992502119
0.06327347198	0.03992502119
0.06346939270	0.03992502119
0.06366531342	0.03992502119
0.06386123414	0.03992502119
0.06405715486	0.03992502119
0.06425307558	0.03992502119
0.06444899629	0.03992502119
0.06464491701	0.03992502119
0.06484083773	0.03992502119
0.06503675845	0.03992502119
0.06523267917	0.03992502119
0.06542859989	0.03992502119
0.06562452061	0.03992502119
0.06582044132	0.03992502119
0.06601636204	0.03992502119
0.06621228276	0.03992502119
0.06640820348	0.03992502119
0.06660412420	0.03992502119
0.06680004492	0.03992502119
0.06699596564	0.03992502119
0.06719188636	0.03992502119
0.06738780707	0.03992502119
0.06758372779	0.03992502119
0.06777964851	0.03992502119
0.06797556923	0.03992502119
0.06817148995	0.03992502119
0.06836741067	0.03992502119
0.06856333139	0.03992502119
0.06875925211	0.03992502119
0.06895517282	0.03992502119
0.06915109354	0.03992502119
0.06934701426	0.03992502119
0.06954293498	0.03992502119
0.06973885570	0.03992502119
0.06993477642	0.03992502119
0.07013069714	0.03992502119
0.07032661785	0.03992502119
0.07052253857	0.03992502119
0.07071845929	0.03992502119
0.07091438001	0.03992502119
0.07111030073	0.03992502119
0.07130622145	0.03992502119
0.07150214217	0.03992502119
0.07169806289	0.03992502119
0.07189398360	0.03992502119
0.07208990432	0.03992502119
0.07228582504	0.03992502119
0.07248174576	0.03992502119
0.07267766648	0.03992502119
0.07287358720	0.03992502119
0.07306950792	0.03992502119
0.07326542864	0.03992502119
0.07346134935	0.03992502119
0.07365727007	0.03992502119
0.07385319079	0.03992502119
0.07404911151	0.03992502119
